20190525 600 1 0 0 0 1
20190526 600 1 0 0 0 1
20190527 600 1 0 0 0 1
20190528 600 1 0 0 0 1
20190529 600 1 0 0 0 1
20190530 600 1 0 0 0 1
20190816 600 0 0 0 0 0
20190817 600 0 0 0 0 0
20190818 600 0 0 0 0 0
20190819 600 0 0 0 0 0
20190820 600 0 0 0 0 0
20190821 600 0 0 0 0 0
20190822 600 0 0 0 0 0
20190823 600 0 0 0 0 0
20190824 600 0 0 0 0 0
20190825 600 0 0 0 0 0
20190826 600 0 0 0 0 0
20190827 600 0 0 0 0 0
20190828 600 0 0 0 0 0
20190829 600 0 0 0 0 0
20190830 600 0 0 0 0 0
20190831 600 0 0 0 0 0
20190901 600 0 0 0 0 0
20190902 600 0 0 0 0 0
20190903 600 0 0 0 0 0
20190904 600 0 0 0 0 0
20190905 600 0 0 0 0 0
20190906 600 0 0 0 0 0
20190907 600 0 0 0 0 0
20190908 600 0 0 0 0 0
20190909 600 0 0 0 0 0
20190910 600 0 0 0 0 0
20190911 600 0 0 0 0 0
20190912 600 0 0 0 0 0
20190913 600 0 0 0 0 0
20190914 600 0 0 0 0 0
20190915 600 0 0 0 0 0
20190916 600 0 0 0 0 0
20190917 600 0 0 0 0 0
20190918 600 0 0 0 0 0
20190919 600 0 0 0 0 0
20190920 600 0 0 0 0 0
20190921 600 0 0 0 0 0
20190922 600 0 0 0 0 0
20190923 600 0 0 0 0 0
20190924 600 0 0 0 0 0
20190925 600 0 0 0 0 0
20190926 600 0 0 0 0 0
20190927 600 0 0 0 0 0
20190928 600 0 0 0 0 0
20190929 600 0 0 0 0 0
20190930 600 0 0 0 0 0
20191001 600 0 0 0 0 0
20191002 600 0 0 0 0 0
20191003 600 0 0 0 0 0
20191004 600 0 0 0 0 0
20191005 600 0 0 0 0 0
20191006 600 0 0 0 0 0
20191007 600 0 0 0 0 0
20191008 600 0 0 0 0 0
20191009 600 0 0 0 0 0
20191010 600 0 0 0 0 0
20191011 600 0 0 0 0 0
20191012 600 0 0 0 0 0
20191013 600 0 0 0 0 0
20191014 600 0 0 0 0 0
20191015 600 0 0 0 0 0
20191016 600 0 0 0 0 0
20191017 600 0 0 0 0 0
20191018 600 0 0 0 0 0
20191019 600 0 0 0 0 0
20191020 600 0 0 0 0 0
20191021 600 0 0 0 0 0
20191022 600 0 0 0 0 0
20191023 600 0 0 0 0 0
20191024 600 0 0 0 0 0
20191025 600 0 0 0 0 0
20191026 600 0 0 0 0 0
20191027 600 0 0 0 0 0
20191028 600 0 0 0 0 0
20191029 600 0 0 0 0 0
20191030 600 0 0 0 0 0
20191031 600 0 0 0 0 0
20191101 600 0 0 0 0 0
20191102 600 0 0 0 0 0
20191103 600 0 0 0 0 0
20191104 600 0 0 0 0 0
20191105 600 0 0 0 0 0
20191106 600 0 0 0 0 0
20191107 600 0 0 0 0 0
20191108 600 0 0 0 0 0
20191109 600 0 0 0 0 0
20191110 600 0 0 0 0 0
20191111 600 0 0 0 0 0
20191112 600 0 0 0 0 0
20191113 600 0 0 0 0 0
20191114 600 0 0 0 0 0
20191115 600 0 0 0 0 0
20191116 600 0 0 0 0 0
20191117 600 0 0 0 0 0
20191118 600 0 0 0 0 0
20191119 600 0 0 0 0 0
20191120 600 0 0 0 0 0
20191121 600 0 0 0 0 0
20191122 600 0 0 0 0 0
20191123 600 0 0 0 0 0
20191124 600 0 0 0 0 0
20191125 600 0 0 0 0 0
20191126 600 0 0 0 0 0
20191127 600 0 0 0 0 0
20191128 600 0 0 0 0 0
20191129 600 0 0 0 0 0
20191130 600 0 0 0 0 0
20191201 600 0 0 0 0 0
20191202 600 0 0 0 0 0
20191203 600 0 0 0 0 0
20191204 600 0 0 0 0 0
20191205 600 0 0 0 0 0
20191206 600 0 0 0 0 0
20191207 600 0 0 0 0 0
20191208 600 0 0 0 0 0
20191209 600 0 0 0 0 0
20191210 600 0 0 0 0 0
20191211 600 0 0 0 0 0
20191212 600 0 0 0 0 0
20191213 600 0 0 0 0 0
20191214 600 0 0 0 0 0
20191215 600 0 0 0 0 0
20191216 600 0 0 0 0 0
20191217 600 0 0 0 0 0
20191218 600 0 0 0 0 0
20191219 600 0 0 0 0 0
20191220 600 0 0 0 0 0
20191221 600 0 0 0 0 0
20191222 600 0 0 0 0 0
20191223 600 0 0 0 0 0
20191224 600 0 0 0 0 0
20191225 600 0 0 0 0 0
20191226 600 0 0 0 0 0
20191227 600 0 0 0 0 0
20191228 600 0 0 0 0 0
20191229 600 0 0 0 0 0
20191230 600 0 0 0 0 0
20191231 600 0 0 0 0 0
20200101 600 0 0 0 0 0
20200102 600 0 0 0 0 0
20200103 600 0 0 0 0 0
20200104 600 0 0 0 0 0
20200105 600 0 0 0 0 0
20200106 600 0 0 0 0 0
20200107 600 0 0 0 0 0
20200108 600 0 0 0 0 0
20200109 600 0 0 0 0 0
20200110 600 0 0 0 0 0
20200111 600 0 0 0 0 0
20200112 600 0 0 0 0 0
20200113 600 0 0 0 0 0
20200114 600 0 0 0 0 0
20200115 600 0 0 0 0 0
20200116 600 0 0 0 0 0
20200117 600 0 0 0 0 0
