20190502 1000 36 0 0 1 35
20190503 1000 0 0 0 0 0
20190504 1000 0 0 0 0 0
20190505 1000 0 0 0 0 0
20190506 1000 0 0 0 0 0
20190507 1000 0 0 0 0 0
20190508 1000 0 0 0 0 0
20190509 1000 0 0 0 0 0
20190510 1000 0 0 0 0 0
20190511 1000 0 0 0 0 0
20190512 1000 0 0 0 0 0
20190513 1000 0 0 0 0 0
20190514 1000 0 0 0 0 0
20190515 1000 0 0 0 0 0
20190516 1000 0 0 0 0 0
20190517 1000 0 0 0 0 0
20190518 1000 0 0 0 0 0
20190519 1000 0 0 0 0 0
20190520 1000 0 0 0 0 0
20190521 1000 0 0 0 0 0
20190522 1000 0 0 0 0 0
20190523 1000 0 0 0 0 0
20190524 1000 0 0 0 0 0
20190525 1000 0 0 0 0 0
20190526 1000 0 0 0 0 0
20190527 1000 0 0 0 0 0
20190528 1000 0 0 0 0 0
20190529 1000 0 0 0 0 0
20190530 1000 0 0 0 0 0
20190531 1000 0 0 0 0 0
20190601 1000 0 0 0 0 0
20190602 1000 0 0 0 0 0
20190603 1000 0 0 0 0 0
20190604 1000 0 0 0 0 0
20190605 1000 0 0 0 0 0
20190606 1000 0 0 0 0 0
20190607 1000 0 0 0 0 0
20190608 1000 0 0 0 0 0
20190609 1000 0 0 0 0 0
20190610 1000 0 0 0 0 0
20190611 1000 0 0 0 0 0
20190612 1000 0 0 0 0 0
20190613 1000 0 0 0 0 0
20190614 1000 0 0 0 0 0
20190615 1000 0 0 0 0 0
20190616 1000 0 0 0 0 0
20190617 1000 0 0 0 0 0
20190618 1000 0 0 0 0 0
20190619 1000 0 0 0 0 0
20190620 1000 0 0 0 0 0
20190621 1000 0 0 0 0 0
20190622 1000 0 0 0 0 0
20190623 1000 0 0 0 0 0
20190624 1000 0 0 0 0 0
20190625 1000 0 0 0 0 0
20190626 1000 0 0 0 0 0
20190627 1000 0 0 0 0 0
20190628 1000 0 0 0 0 0
20190629 1000 0 0 0 0 0
20190630 1000 0 0 0 0 0
20190701 1000 0 0 0 0 0
20190702 1000 0 0 0 0 0
20190703 1000 0 0 0 0 0
20190704 1000 0 0 0 0 0
20190705 1000 0 0 0 0 0
20190706 1000 0 0 0 0 0
20190707 1000 0 0 0 0 0
20190708 1000 0 0 0 0 0
20190709 1000 0 0 0 0 0
20190710 1000 0 0 0 0 0
20190711 1000 0 0 0 0 0
20190712 1000 0 0 0 0 0
20190713 1000 0 0 0 0 0
20190714 1000 0 0 0 0 0
20190715 1000 0 0 0 0 0
20190716 1000 0 0 0 0 0
20190717 1000 0 0 0 0 0
20190718 1000 0 0 0 0 0
20190719 1000 0 0 0 0 0
20190720 1000 0 0 0 0 0
20190721 1000 0 0 0 0 0
20190722 1000 0 0 0 0 0
20190723 1000 0 0 0 0 0
20190724 1000 0 0 0 0 0
20190725 1000 0 0 0 0 0
20190726 1000 0 0 0 0 0
20190727 1000 0 0 0 0 0
20190728 1000 0 0 0 0 0
20190729 1000 0 0 0 0 0
20190730 1000 0 0 0 0 0
20190731 1000 0 0 0 0 0
20190801 1000 0 0 0 0 0
20190802 1000 0 0 0 0 0
20190803 1000 0 0 0 0 0
20190804 1000 0 0 0 0 0
20190805 1000 0 0 0 0 0
20190806 1000 0 0 0 0 0
20190807 1000 0 0 0 0 0
20190808 1000 0 0 0 0 0
20190809 1000 0 0 0 0 0
20190810 1000 0 0 0 0 0
20190811 1000 0 0 0 0 0
20190812 1000 0 0 0 0 0
20190813 1000 0 0 0 0 0
20190814 1000 0 0 0 0 0
20190815 1000 0 0 0 0 0
20190816 1000 0 0 0 0 0
20190817 1000 0 0 0 0 0
20190818 1000 0 0 0 0 0
20190819 1000 0 0 0 0 0
20190820 1000 0 0 0 0 0
20190821 1000 0 0 0 0 0
20190822 1000 0 0 0 0 0
20190823 1000 0 0 0 0 0
20190824 1000 0 0 0 0 0
20190825 1000 0 0 0 0 0
20190826 1000 0 0 0 0 0
20190827 1000 0 0 0 0 0
20190828 1000 0 0 0 0 0
20190829 1000 0 0 0 0 0
20190830 1000 0 0 0 0 0
20190831 1000 0 0 0 0 0
20190901 1000 0 0 0 0 0
20190902 1000 0 0 0 0 0
20190903 1000 0 0 0 0 0
20190904 1000 0 0 0 0 0
20190905 1000 0 0 0 0 0
20190906 1000 0 0 0 0 0
20190907 1000 0 0 0 0 0
20190908 1000 0 0 0 0 0
20190909 1000 0 0 0 0 0
20190910 1000 0 0 0 0 0
20190911 1000 0 0 0 0 0
20190912 1000 0 0 0 0 0
20190913 1000 0 0 0 0 0
20190914 1000 0 0 0 0 0
20190915 1000 0 0 0 0 0
20190916 1000 0 0 0 0 0
20190917 1000 0 0 0 0 0
20190918 1000 0 0 0 0 0
20190919 1000 0 0 0 0 0
20190920 1000 0 0 0 0 0
20190921 1000 0 0 0 0 0
20190922 1000 0 0 0 0 0
20190923 1000 0 0 0 0 0
20190924 1000 0 0 0 0 0
20190925 1000 0 0 0 0 0
20190926 1000 0 0 0 0 0
20190927 1000 0 0 0 0 0
20190928 1000 0 0 0 0 0
20190929 1000 0 0 0 0 0
20190930 1000 0 0 0 0 0
20191001 1000 0 0 0 0 0
20191002 1000 0 0 0 0 0
20191003 1000 0 0 0 0 0
20191004 1000 0 0 0 0 0
20191005 1000 0 0 0 0 0
20191006 1000 0 0 0 0 0
20191007 1000 0 0 0 0 0
20191008 1000 0 0 0 0 0
20191009 1000 0 0 0 0 0
20191010 1000 0 0 0 0 0
20191011 1000 0 0 0 0 0
20191012 1000 0 0 0 0 0
20191013 1000 0 0 0 0 0
20191014 1000 0 0 0 0 0
20191015 1000 0 0 0 0 0
20191016 1000 0 0 0 0 0
20191017 1000 0 0 0 0 0
20191018 1000 0 0 0 0 0
20191019 1000 0 0 0 0 0
20191020 1000 0 0 0 0 0
20191021 1000 0 0 0 0 0
20191022 1000 0 0 0 0 0
20191023 1000 0 0 0 0 0
20191024 1000 0 0 0 0 0
20191025 1000 0 0 0 0 0
20191026 1000 0 0 0 0 0
20191027 1000 0 0 0 0 0
20191028 1000 0 0 0 0 0
20191029 1000 0 0 0 0 0
20191030 1000 0 0 0 0 0
20191031 1000 0 0 0 0 0
20191101 1000 0 0 0 0 0
20191102 1000 0 0 0 0 0
20191103 1000 0 0 0 0 0
20191104 1000 0 0 0 0 0
20191105 1000 0 0 0 0 0
20191106 1000 0 0 0 0 0
20191107 1000 0 0 0 0 0
20191108 1000 0 0 0 0 0
20191109 1000 0 0 0 0 0
20191110 1000 0 0 0 0 0
20191111 1000 0 0 0 0 0
20191112 1000 0 0 0 0 0
20191113 1000 0 0 0 0 0
20191114 1000 0 0 0 0 0
20191115 1000 0 0 0 0 0
20191116 1000 0 0 0 0 0
20191117 1000 0 0 0 0 0
20191118 1000 0 0 0 0 0
20191119 1000 0 0 0 0 0
20191120 1000 0 0 0 0 0
20191121 1000 0 0 0 0 0
20191122 1000 0 0 0 0 0
20191123 1000 0 0 0 0 0
20191124 1000 0 0 0 0 0
20191125 1000 0 0 0 0 0
20191126 1000 0 0 0 0 0
20191127 1000 0 0 0 0 0
20191128 1000 0 0 0 0 0
20191129 1000 0 0 0 0 0
20191130 1000 0 0 0 0 0
20191201 1000 0 0 0 0 0
20191202 1000 0 0 0 0 0
20191203 1000 0 0 0 0 0
20191204 1000 0 0 0 0 0
20191205 1000 0 0 0 0 0
20191206 1000 0 0 0 0 0
20191207 1000 0 0 0 0 0
20191208 1000 0 0 0 0 0
20191209 1000 0 0 0 0 0
20191210 1000 0 0 0 0 0
20191211 1000 0 0 0 0 0
20191212 1000 0 0 0 0 0
20191213 1000 0 0 0 0 0
20191214 1000 0 0 0 0 0
20191215 1000 0 0 0 0 0
20191216 1000 0 0 0 0 0
20191217 1000 0 0 0 0 0
20191218 1000 0 0 0 0 0
20191219 1000 0 0 0 0 0
20191220 1000 0 0 0 0 0
20191221 1000 0 0 0 0 0
20191222 1000 0 0 0 0 0
20191223 1000 0 0 0 0 0
20191224 1000 0 0 0 0 0
20191225 1000 0 0 0 0 0
20191226 1000 0 0 0 0 0
20191227 1000 0 0 0 0 0
20191228 1000 0 0 0 0 0
20191229 1000 0 0 0 0 0
20191230 1000 0 0 0 0 0
20191231 1000 0 0 0 0 0
20200101 1000 0 0 0 0 0
20200102 1000 0 0 0 0 0
20200103 1000 0 0 0 0 0
20200104 1000 0 0 0 0 0
20200105 1000 0 0 0 0 0
20200106 1000 0 0 0 0 0
20200107 1000 0 0 0 0 0
20200108 1000 0 0 0 0 0
20200109 1000 0 0 0 0 0
20200110 1000 0 0 0 0 0
20200111 1000 0 0 0 0 0
20200112 1000 0 0 0 0 0
20200113 1000 0 0 0 0 0
20200114 1000 0 0 0 0 0
20200115 1000 0 0 0 0 0
20200116 1000 0 0 0 0 0
20200117 1000 0 0 0 0 0
20200118 1000 0 0 0 0 0
20200119 1000 0 0 0 0 0
20200120 1000 0 0 0 0 0
20200121 1000 0 0 0 0 0
20200122 1000 0 0 0 0 0
20200123 1000 0 0 0 0 0
20200124 1000 0 0 0 0 0
20200125 1000 0 0 0 0 0
20200126 1000 0 0 0 0 0
20200127 1000 0 0 0 0 0
20200128 1000 0 0 0 0 0
20200129 1000 0 0 0 0 0
20200130 1000 0 0 0 0 0
20200131 1000 0 0 0 0 0
20200201 1000 0 0 0 0 0
20200202 1000 0 0 0 0 0
20200203 1000 0 0 0 0 0
20200204 1000 0 0 0 0 0
20200205 1000 0 0 0 0 0
20200206 1000 0 0 0 0 0
20200207 1000 0 0 0 0 0
20200208 1000 0 0 0 0 0
20200209 1000 0 0 0 0 0
20200210 1000 0 0 0 0 0
20200211 1000 0 0 0 0 0
20200212 1000 0 0 0 0 0
20200213 1000 0 0 0 0 0
20200214 1000 0 0 0 0 0
20200215 1000 0 0 0 0 0
20200216 1000 0 0 0 0 0
20200217 1000 0 0 0 0 0
20200218 1000 0 0 0 0 0
20200219 1000 0 0 0 0 0
20200220 1000 0 0 0 0 0
20200221 1000 0 0 0 0 0
20200222 1000 0 0 0 0 0
20200223 1000 0 0 0 0 0
20200224 1000 0 0 0 0 0
20200225 1000 0 0 0 0 0
20200226 1000 0 0 0 0 0
20200227 1000 0 0 0 0 0
20200228 1000 0 0 0 0 0
20200229 1000 0 0 0 0 0
20200301 1000 0 0 0 0 0
20200302 1000 0 0 0 0 0
20200303 1000 0 0 0 0 0
20200304 1000 0 0 0 0 0
20200305 1000 0 0 0 0 0
20200306 1000 0 0 0 0 0
20200307 1000 0 0 0 0 0
20200308 1000 0 0 0 0 0
20200309 1000 0 0 0 0 0
20200310 1000 0 0 0 0 0
20200311 1000 0 0 0 0 0
20200312 1000 0 0 0 0 0
20200313 1000 0 0 0 0 0
20200314 1000 0 0 0 0 0
20200315 1000 0 0 0 0 0
20200316 1000 0 0 0 0 0
20200317 1000 0 0 0 0 0
20200318 1000 0 0 0 0 0
20200319 1000 0 0 0 0 0
20200320 1000 0 0 0 0 0
20200321 1000 0 0 0 0 0
20200322 1000 0 0 0 0 0
20200323 1000 0 0 0 0 0
20200324 1000 0 0 0 0 0
20200325 1000 0 0 0 0 0
20200326 1000 0 0 0 0 0
20200327 1000 0 0 0 0 0
20200328 1000 0 0 0 0 0
20200329 1000 0 0 0 0 0
20200330 1000 0 0 0 0 0
20200331 1000 0 0 0 0 0
20200401 1000 0 0 0 0 0
20200402 1000 0 0 0 0 0
20200403 1000 0 0 0 0 0
20200404 1000 0 0 0 0 0
20200405 1000 0 0 0 0 0
20200406 1000 0 0 0 0 0
20200407 1000 0 0 0 0 0
20200408 1000 0 0 0 0 0
20200409 1000 0 0 0 0 0
20200410 1000 0 0 0 0 0
20200411 1000 0 0 0 0 0
20200412 1000 0 0 0 0 0
20200413 1000 0 0 0 0 0
20200414 1000 0 0 0 0 0
20200415 1000 0 0 0 0 0
20200416 1000 0 0 0 0 0
20200417 1000 0 0 0 0 0
20200418 1000 0 0 0 0 0
20200419 1000 0 0 0 0 0
20200420 1000 0 0 0 0 0
20200421 1000 0 0 0 0 0
20200422 1000 0 0 0 0 0
20200423 1000 0 0 0 0 0
20200424 1000 0 0 0 0 0
20200425 1000 0 0 0 0 0
20200426 1000 0 0 0 0 0
20200427 1000 0 0 0 0 0
20200428 1000 0 0 0 0 0
20200429 1000 0 0 0 0 0
20200430 1000 0 0 0 0 0
20200501 1000 0 0 0 0 0
20200502 1000 0 0 0 0 0
20200503 1000 0 0 0 0 0
20200504 1000 0 0 0 0 0
20200505 1000 0 0 0 0 0
20200506 1000 0 0 0 0 0
20200507 1000 0 0 0 0 0
20200508 1000 0 0 0 0 0
20200509 1000 0 0 0 0 0
20200510 1000 0 0 0 0 0
20200511 1000 0 0 0 0 0
20200512 1000 0 0 0 0 0
20200513 1000 0 0 0 0 0
20200514 1000 0 0 0 0 0
20200515 1000 0 0 0 0 0
20200516 1000 0 0 0 0 0
20200517 1000 0 0 0 0 0
20200518 1000 0 0 0 0 0
20200519 1000 0 0 0 0 0
20200520 1000 0 0 0 0 0
20200521 1000 0 0 0 0 0
20200522 1000 0 0 0 0 0
20200523 1000 0 0 0 0 0
20200524 1000 0 0 0 0 0
20200525 1000 0 0 0 0 0
20200526 1000 0 0 0 0 0
20200527 1000 0 0 0 0 0
20200528 1000 0 0 0 0 0
20200529 1000 0 0 0 0 0
20200530 1000 0 0 0 0 0
20200531 1000 0 0 0 0 0
20200601 1000 0 0 0 0 0
20200602 1000 0 0 0 0 0
20200603 1000 0 0 0 0 0
20200604 1000 0 0 0 0 0
20200605 1000 0 0 0 0 0
20200606 1000 0 0 0 0 0
20200607 1000 0 0 0 0 0
20200608 1000 0 0 0 0 0
20200609 1000 0 0 0 0 0
20200610 1000 0 0 0 0 0
20200611 1000 0 0 0 0 0
20200612 1000 0 0 0 0 0
20200613 1000 0 0 0 0 0
20200614 1000 0 0 0 0 0
20200615 1000 0 0 0 0 0
20200616 1000 0 0 0 0 0
20200617 1000 0 0 0 0 0
20200618 1000 0 0 0 0 0
20200619 1000 0 0 0 0 0
20200620 1000 0 0 0 0 0
20200621 1000 0 0 0 0 0
20200622 1000 0 0 0 0 0
20200623 1000 0 0 0 0 0
20200624 1000 0 0 0 0 0
20200625 1000 0 0 0 0 0
20200626 1000 0 0 0 0 0
20200627 1000 0 0 0 0 0
20200628 1000 0 0 0 0 0
20200629 1000 0 0 0 0 0
20200630 1000 0 0 0 0 0
20200701 1000 0 0 0 0 0
20200702 1000 0 0 0 0 0
20200703 1000 0 0 0 0 0
20200704 1000 0 0 0 0 0
20200705 1000 0 0 0 0 0
20200706 1000 0 0 0 0 0
20200707 1000 0 0 0 0 0
20200708 1000 0 0 0 0 0
20200709 1000 0 0 0 0 0
20200710 1000 0 0 0 0 0
20200711 1000 0 0 0 0 0
20200712 1000 0 0 0 0 0
20200713 1000 0 0 0 0 0
20200714 1000 0 0 0 0 0
20200715 1000 0 0 0 0 0
20200716 1000 0 0 0 0 0
20200717 1000 0 0 0 0 0
20200718 1000 0 0 0 0 0
20200719 1000 0 0 0 0 0
20200720 1000 0 0 0 0 0
20200721 1000 0 0 0 0 0
20200722 1000 0 0 0 0 0
20200723 1000 0 0 0 0 0
20200724 1000 0 0 0 0 0
20200725 1000 0 0 0 0 0
20200726 1000 0 0 0 0 0
20200727 1000 0 0 0 0 0
20200728 1000 0 0 0 0 0
20200729 1000 0 0 0 0 0
20200730 1000 0 0 0 0 0
20200731 1000 0 0 0 0 0
20200801 1000 0 0 0 0 0
20200802 1000 0 0 0 0 0
20200803 1000 0 0 0 0 0
20200804 1000 0 0 0 0 0
20200805 1000 0 0 0 0 0
20200806 1000 0 0 0 0 0
20200807 1000 0 0 0 0 0
20200808 1000 0 0 0 0 0
20200809 1000 0 0 0 0 0
20200810 1000 0 0 0 0 0
20200811 1000 0 0 0 0 0
20200812 1000 0 0 0 0 0
20200813 1000 0 0 0 0 0
20200814 1000 0 0 0 0 0
20200815 1000 0 0 0 0 0
20200816 1000 0 0 0 0 0
20200817 1000 0 0 0 0 0
20200818 1000 0 0 0 0 0
20200819 1000 0 0 0 0 0
20200820 1000 0 0 0 0 0
20200821 1000 0 0 0 0 0
20200822 1000 0 0 0 0 0
20200823 1000 0 0 0 0 0
20200824 1000 0 0 0 0 0
20200825 1000 0 0 0 0 0
20200826 1000 0 0 0 0 0
20200827 1000 0 0 0 0 0
20200828 1000 0 0 0 0 0
20200829 1000 0 0 0 0 0
20200830 1000 0 0 0 0 0
20200831 1000 0 0 0 0 0
20200901 1000 0 0 0 0 0
20200902 1000 0 0 0 0 0
20200903 1000 0 0 0 0 0
20200904 1000 0 0 0 0 0
20200905 1000 0 0 0 0 0
20200906 1000 0 0 0 0 0
20200907 1000 0 0 0 0 0
20200908 1000 0 0 0 0 0
20200909 1000 0 0 0 0 0
20200910 1000 0 0 0 0 0
20200911 1000 0 0 0 0 0
20200912 1000 0 0 0 0 0
20200913 1000 0 0 0 0 0
20200914 1000 0 0 0 0 0
20200915 1000 0 0 0 0 0
20200916 1000 0 0 0 0 0
20200917 1000 0 0 0 0 0
20200918 1000 0 0 0 0 0
20200919 1000 0 0 0 0 0
20200920 1000 0 0 0 0 0
20200921 1000 0 0 0 0 0
20200922 1000 0 0 0 0 0
20200923 1000 0 0 0 0 0
20200924 1000 0 0 0 0 0
20200925 1000 0 0 0 0 0
20200926 1000 0 0 0 0 0
20200927 1000 0 0 0 0 0
20200928 1000 0 0 0 0 0
20200929 1000 0 0 0 0 0
20200930 1000 0 0 0 0 0
20201001 1000 0 0 0 0 0
20201002 1000 0 0 0 0 0
20201003 1000 0 0 0 0 0
20201004 1000 0 0 0 0 0
20201005 1000 0 0 0 0 0
20201006 1000 0 0 0 0 0
20201007 1000 0 0 0 0 0
20201008 1000 0 0 0 0 0
20201009 1000 0 0 0 0 0
20201010 1000 0 0 0 0 0
20201011 1000 0 0 0 0 0
20201012 1000 0 0 0 0 0
20201013 1000 0 0 0 0 0
20201014 1000 0 0 0 0 0
20201015 1000 0 0 0 0 0
20201016 1000 0 0 0 0 0
20201017 1000 0 0 0 0 0
20201018 1000 0 0 0 0 0
20201019 1000 0 0 0 0 0
20201020 1000 0 0 0 0 0
20201021 1000 0 0 0 0 0
20201022 1000 0 0 0 0 0
20201023 1000 0 0 0 0 0
20201024 1000 0 0 0 0 0
20201025 1000 0 0 0 0 0
20201026 1000 0 0 0 0 0
20201027 1000 0 0 0 0 0
20201028 1000 0 0 0 0 0
20201029 1000 0 0 0 0 0
20201030 1000 0 0 0 0 0
20201031 1000 0 0 0 0 0
20201101 1000 0 0 0 0 0
20201102 1000 0 0 0 0 0
20201103 1000 0 0 0 0 0
20201104 1000 0 0 0 0 0
20201105 1000 0 0 0 0 0
20201106 1000 0 0 0 0 0
20201107 1000 0 0 0 0 0
20201108 1000 0 0 0 0 0
20201109 1000 0 0 0 0 0
20201110 1000 0 0 0 0 0
20201111 1000 0 0 0 0 0
20201112 1000 0 0 0 0 0
20201113 1000 0 0 0 0 0
20201114 1000 0 0 0 0 0
20201115 1000 0 0 0 0 0
20201116 1000 0 0 0 0 0
20201117 1000 0 0 0 0 0
20201118 1000 0 0 0 0 0
20201119 1000 0 0 0 0 0
20201120 1000 0 0 0 0 0
20201121 1000 0 0 0 0 0
20201122 1000 0 0 0 0 0
20201123 1000 0 0 0 0 0
20201124 1000 0 0 0 0 0
20201125 1000 0 0 0 0 0
20201126 1000 0 0 0 0 0
20201127 1000 0 0 0 0 0
20201128 1000 0 0 0 0 0
20201129 1000 0 0 0 0 0
20201130 1000 0 0 0 0 0
20201201 1000 0 0 0 0 0
20201202 1000 0 0 0 0 0
20201203 1000 0 0 0 0 0
20201204 1000 0 0 0 0 0
20201205 1000 0 0 0 0 0
20201206 1000 0 0 0 0 0
20201207 1000 0 0 0 0 0
20201208 1000 0 0 0 0 0
20201209 1000 0 0 0 0 0
20201210 1000 0 0 0 0 0
20201211 1000 0 0 0 0 0
20201212 1000 0 0 0 0 0
20201213 1000 0 0 0 0 0
20201214 1000 0 0 0 0 0
20201215 1000 0 0 0 0 0
20201216 1000 0 0 0 0 0
20201217 1000 0 0 0 0 0
20201218 1000 0 0 0 0 0
20201219 1000 0 0 0 0 0
20201220 1000 0 0 0 0 0
20201221 1000 0 0 0 0 0
20201222 1000 0 0 0 0 0
20201223 1000 0 0 0 0 0
20201224 1000 0 0 0 0 0
20201225 1000 0 0 0 0 0
20201226 1000 0 0 0 0 0
20201227 1000 0 0 0 0 0
20201228 1000 0 0 0 0 0
20201229 1000 0 0 0 0 0
20201230 1000 0 0 0 0 0
20201231 1000 0 0 0 0 0
20210101 1000 0 0 0 0 0
20210102 1000 0 0 0 0 0
20210103 1000 0 0 0 0 0
20210104 1000 0 0 0 0 0
20210105 1000 0 0 0 0 0
20210106 1000 0 0 0 0 0
20210107 1000 0 0 0 0 0
20210108 1000 0 0 0 0 0
20210109 1000 0 0 0 0 0
20210110 1000 0 0 0 0 0
20210111 1000 0 0 0 0 0
20210112 1000 0 0 0 0 0
20210113 1000 0 0 0 0 0
20210114 1000 0 0 0 0 0
20210115 1000 0 0 0 0 0
20210116 1000 0 0 0 0 0
20210117 1000 0 0 0 0 0
20210118 1000 0 0 0 0 0
20210119 1000 0 0 0 0 0
20210120 1000 0 0 0 0 0
20210121 1000 0 0 0 0 0
20210122 1000 0 0 0 0 0
20210123 1000 0 0 0 0 0
20210124 1000 0 0 0 0 0
20210125 1000 0 0 0 0 0
20210126 1000 0 0 0 0 0
20210127 1000 0 0 0 0 0
20210128 1000 0 0 0 0 0
20210129 1000 0 0 0 0 0
20210130 1000 0 0 0 0 0
20210131 1000 0 0 0 0 0
20210201 1000 0 0 0 0 0
20210202 1000 0 0 0 0 0
20210203 1000 0 0 0 0 0
20210204 1000 0 0 0 0 0
20210205 1000 0 0 0 0 0
20210206 1000 0 0 0 0 0
20210207 1000 0 0 0 0 0
20210208 1000 0 0 0 0 0
20210209 1000 0 0 0 0 0
20210210 1000 0 0 0 0 0
20210211 1000 0 0 0 0 0
20210212 1000 0 0 0 0 0
20210213 1000 0 0 0 0 0
20210214 1000 0 0 0 0 0
20210215 1000 0 0 0 0 0
20210216 1000 0 0 0 0 0
20210217 1000 0 0 0 0 0
20210218 1000 0 0 0 0 0
20210219 1000 0 0 0 0 0
20210220 1000 0 0 0 0 0
20210221 1000 0 0 0 0 0
20210222 1000 0 0 0 0 0
20210223 1000 0 0 0 0 0
20210224 1000 0 0 0 0 0
20210225 1000 0 0 0 0 0
20210226 1000 0 0 0 0 0
20210227 1000 0 0 0 0 0
20210228 1000 0 0 0 0 0
20210301 1000 0 0 0 0 0
20210302 1000 0 0 0 0 0
20210303 1000 0 0 0 0 0
20210304 1000 0 0 0 0 0
20210305 1000 0 0 0 0 0
20210306 1000 0 0 0 0 0
20210307 1000 0 0 0 0 0
20210308 1000 0 0 0 0 0
20210309 1000 0 0 0 0 0
20210310 1000 0 0 0 0 0
20210311 1000 0 0 0 0 0
20210312 1000 0 0 0 0 0
20210313 1000 0 0 0 0 0
20210314 1000 0 0 0 0 0
20210315 1000 0 0 0 0 0
20210316 1000 0 0 0 0 0
20210317 1000 0 0 0 0 0
20210318 1000 0 0 0 0 0
20210319 1000 0 0 0 0 0
20210320 1000 0 0 0 0 0
20210321 1000 0 0 0 0 0
20210322 1000 0 0 0 0 0
20210323 1000 0 0 0 0 0
20210324 1000 0 0 0 0 0
20210325 1000 0 0 0 0 0
20210326 1000 0 0 0 0 0
20210327 1000 0 0 0 0 0
20210328 1000 0 0 0 0 0
20210329 1000 0 0 0 0 0
20210330 1000 0 0 0 0 0
20210331 1000 0 0 0 0 0
20210401 1000 0 0 0 0 0
20210402 1000 0 0 0 0 0
20210403 1000 0 0 0 0 0
20210404 1000 0 0 0 0 0
20210405 1000 0 0 0 0 0
20210406 1000 0 0 0 0 0
20210407 1000 0 0 0 0 0
20210408 1000 0 0 0 0 0
20210409 1000 0 0 0 0 0
20210410 1000 0 0 0 0 0
20210411 1000 0 0 0 0 0
20210412 1000 0 0 0 0 0
20210413 1000 0 0 0 0 0
20210414 1000 0 0 0 0 0
20210415 1000 0 0 0 0 0
20210416 1000 0 0 0 0 0
20210417 1000 0 0 0 0 0
20210418 1000 0 0 0 0 0
20210419 1000 0 0 0 0 0
20210420 1000 0 0 0 0 0
20210421 1000 0 0 0 0 0
20210422 1000 0 0 0 0 0
20210423 1000 0 0 0 0 0
20210424 1000 0 0 0 0 0
20210425 1000 0 0 0 0 0
20210426 1000 0 0 0 0 0
20210427 1000 0 0 0 0 0
20210428 1000 0 0 0 0 0
20210429 1000 0 0 0 0 0
20210430 1000 0 0 0 0 0
20210501 1000 0 0 0 0 0
20210502 1000 0 0 0 0 0
20210503 1000 0 0 0 0 0
20210504 1000 0 0 0 0 0
20210505 1000 0 0 0 0 0
20210506 1000 0 0 0 0 0
20210507 1000 0 0 0 0 0
20210508 1000 0 0 0 0 0
20210509 1000 0 0 0 0 0
20210510 1000 0 0 0 0 0
20210511 1000 0 0 0 0 0
20210512 1000 0 0 0 0 0
20210513 1000 0 0 0 0 0
20210514 1000 0 0 0 0 0
20210515 1000 0 0 0 0 0
20210516 1000 0 0 0 0 0
20210517 1000 0 0 0 0 0
20210518 1000 0 0 0 0 0
20210519 1000 0 0 0 0 0
20210520 1000 0 0 0 0 0
20210521 1000 0 0 0 0 0
20210522 1000 0 0 0 0 0
20210523 1000 0 0 0 0 0
20210524 1000 0 0 0 0 0
20210525 1000 0 0 0 0 0
20210526 1000 0 0 0 0 0
20210527 1000 0 0 0 0 0
20210528 1000 0 0 0 0 0
20210529 1000 0 0 0 0 0
20210530 1000 0 0 0 0 0
20210531 1000 0 0 0 0 0
20210601 1000 0 0 0 0 0
20210602 1000 0 0 0 0 0
20210603 1000 0 0 0 0 0
20210604 1000 0 0 0 0 0
20210605 1000 0 0 0 0 0
20210606 1000 0 0 0 0 0
20210607 1000 0 0 0 0 0
20210608 1000 0 0 0 0 0
20210609 1000 0 0 0 0 0
20210610 1000 0 0 0 0 0
20210611 1000 0 0 0 0 0
20210612 1000 0 0 0 0 0
20210613 1000 0 0 0 0 0
20210614 1000 0 0 0 0 0
20210615 1000 0 0 0 0 0
20210616 1000 0 0 0 0 0
20210617 1000 0 0 0 0 0
20210618 1000 0 0 0 0 0
20210619 1000 0 0 0 0 0
20210620 1000 0 0 0 0 0
20210621 1000 0 0 0 0 0
20210622 1000 0 0 0 0 0
20210623 1000 0 0 0 0 0
20210624 1000 0 0 0 0 0
20210625 1000 0 0 0 0 0
20210626 1000 0 0 0 0 0
20210627 1000 0 0 0 0 0
20210628 1000 0 0 0 0 0
20210629 1000 0 0 0 0 0
20210630 1000 0 0 0 0 0
20210701 1000 0 0 0 0 0
20210702 1000 0 0 0 0 0
20210703 1000 0 0 0 0 0
20210704 1000 0 0 0 0 0
20210705 1000 0 0 0 0 0
20210706 1000 0 0 0 0 0
20210707 1000 0 0 0 0 0
20210708 1000 0 0 0 0 0
20210709 1000 0 0 0 0 0
20210710 1000 0 0 0 0 0
20210711 1000 0 0 0 0 0
20210712 1000 0 0 0 0 0
20210713 1000 0 0 0 0 0
20210714 1000 0 0 0 0 0
20210715 1000 0 0 0 0 0
20210716 1000 0 0 0 0 0
20210717 1000 0 0 0 0 0
20210718 1000 0 0 0 0 0
20210719 1000 0 0 0 0 0
20210720 1000 0 0 0 0 0
20210721 1000 0 0 0 0 0
20210722 1000 0 0 0 0 0
20210723 1000 0 0 0 0 0
20210724 1000 0 0 0 0 0
20210725 1000 0 0 0 0 0
20210726 1000 0 0 0 0 0
20210727 1000 0 0 0 0 0
20210728 1000 0 0 0 0 0
20210729 1000 0 0 0 0 0
20210730 1000 0 0 0 0 0
20210731 1000 0 0 0 0 0
20210801 1000 0 0 0 0 0
20210802 1000 0 0 0 0 0
20210803 1000 0 0 0 0 0
20210804 1000 0 0 0 0 0
20210805 1000 0 0 0 0 0
20210806 1000 0 0 0 0 0
20210807 1000 0 0 0 0 0
20210808 1000 0 0 0 0 0
20210809 1000 0 0 0 0 0
20210810 1000 0 0 0 0 0
20210811 1000 0 0 0 0 0
20210812 1000 0 0 0 0 0
20210813 1000 0 0 0 0 0
20210814 1000 0 0 0 0 0
20210815 1000 0 0 0 0 0
20210816 1000 0 0 0 0 0
20210817 1000 0 0 0 0 0
20210818 1000 0 0 0 0 0
20210819 1000 0 0 0 0 0
20210820 1000 0 0 0 0 0
20210821 1000 0 0 0 0 0
20210822 1000 0 0 0 0 0
20210823 1000 0 0 0 0 0
20210824 1000 0 0 0 0 0
20210825 1000 0 0 0 0 0
20210826 1000 0 0 0 0 0
20210827 1000 0 0 0 0 0
20210828 1000 0 0 0 0 0
20210829 1000 0 0 0 0 0
20210830 1000 0 0 0 0 0
20210831 1000 0 0 0 0 0
20210901 1000 0 0 0 0 0
20210902 1000 0 0 0 0 0
20210903 1000 0 0 0 0 0
20210904 1000 0 0 0 0 0
20210905 1000 0 0 0 0 0
20210906 1000 0 0 0 0 0
20210907 1000 0 0 0 0 0
20210908 1000 0 0 0 0 0
20210909 1000 0 0 0 0 0
20210910 1000 0 0 0 0 0
20210911 1000 0 0 0 0 0
20210912 1000 0 0 0 0 0
20210913 1000 0 0 0 0 0
20210914 1000 0 0 0 0 0
20210915 1000 0 0 0 0 0
20210916 1000 0 0 0 0 0
20210917 1000 0 0 0 0 0
20210918 1000 0 0 0 0 0
20210919 1000 0 0 0 0 0
20210920 1000 0 0 0 0 0
20210921 1000 0 0 0 0 0
20210922 1000 0 0 0 0 0
20210923 1000 0 0 0 0 0
20210924 1000 0 0 0 0 0
20210925 1000 0 0 0 0 0
20210926 1000 0 0 0 0 0
20210927 1000 0 0 0 0 0
20210928 1000 0 0 0 0 0
20210929 1000 0 0 0 0 0
20210930 1000 0 0 0 0 0
20211001 1000 0 0 0 0 0
20211002 1000 0 0 0 0 0
20211003 1000 0 0 0 0 0
20211004 1000 0 0 0 0 0
20211005 1000 0 0 0 0 0
20211006 1000 0 0 0 0 0
20211007 1000 0 0 0 0 0
20211008 1000 0 0 0 0 0
20211009 1000 0 0 0 0 0
20211010 1000 0 0 0 0 0
20211011 1000 0 0 0 0 0
20211012 1000 0 0 0 0 0
20211013 1000 0 0 0 0 0
20211014 1000 0 0 0 0 0
20211015 1000 0 0 0 0 0
20211016 1000 0 0 0 0 0
20211017 1000 0 0 0 0 0
20211018 1000 0 0 0 0 0
20211019 1000 0 0 0 0 0
20211020 1000 0 0 0 0 0
20211021 1000 0 0 0 0 0
20211022 1000 0 0 0 0 0
20211023 1000 0 0 0 0 0
20211024 1000 0 0 0 0 0
20211025 1000 0 0 0 0 0
20211026 1000 0 0 0 0 0
20211027 1000 0 0 0 0 0
20211028 1000 0 0 0 0 0
20211029 1000 0 0 0 0 0
20211030 1000 0 0 0 0 0
20211031 1000 0 0 0 0 0
20211101 1000 0 0 0 0 0
20211102 1000 0 0 0 0 0
20211103 1000 0 0 0 0 0
20211104 1000 0 0 0 0 0
20211105 1000 0 0 0 0 0
20211106 1000 0 0 0 0 0
20211107 1000 0 0 0 0 0
20211108 1000 0 0 0 0 0
20211109 1000 0 0 0 0 0
20211110 1000 0 0 0 0 0
20211111 1000 0 0 0 0 0
20211112 1000 0 0 0 0 0
20211113 1000 0 0 0 0 0
20211114 1000 0 0 0 0 0
20211115 1000 0 0 0 0 0
20211116 1000 0 0 0 0 0
20211117 1000 0 0 0 0 0
20211118 1000 0 0 0 0 0
20211119 1000 0 0 0 0 0
20211120 1000 0 0 0 0 0
20211121 1000 0 0 0 0 0
20211122 1000 0 0 0 0 0
20211123 1000 0 0 0 0 0
20211124 1000 0 0 0 0 0
20211125 1000 0 0 0 0 0
20211126 1000 0 0 0 0 0
20211127 1000 0 0 0 0 0
20211128 1000 0 0 0 0 0
20211129 1000 0 0 0 0 0
20211130 1000 0 0 0 0 0
20211201 1000 0 0 0 0 0
20211202 1000 0 0 0 0 0
20211203 1000 0 0 0 0 0
20211204 1000 0 0 0 0 0
20211205 1000 0 0 0 0 0
20211206 1000 0 0 0 0 0
20211207 1000 0 0 0 0 0
20211208 1000 0 0 0 0 0
20211209 1000 0 0 0 0 0
20211210 1000 0 0 0 0 0
20211211 1000 0 0 0 0 0
20211212 1000 0 0 0 0 0
20211213 1000 0 0 0 0 0
20211214 1000 0 0 0 0 0
20211215 1000 0 0 0 0 0
20211216 1000 0 0 0 0 0
20211217 1000 0 0 0 0 0
20211218 1000 0 0 0 0 0
20211219 1000 0 0 0 0 0
20211220 1000 0 0 0 0 0
20211221 1000 0 0 0 0 0
20211222 1000 0 0 0 0 0
20211223 1000 0 0 0 0 0
20211224 1000 0 0 0 0 0
20211225 1000 0 0 0 0 0
20211226 1000 0 0 0 0 0
20211227 1000 0 0 0 0 0
20211228 1000 0 0 0 0 0
20211229 1000 0 0 0 0 0
20211230 1000 0 0 0 0 0
20211231 1000 0 0 0 0 0
20220101 1000 0 0 0 0 0
20220102 1000 0 0 0 0 0
20220103 1000 0 0 0 0 0
20220104 1000 0 0 0 0 0
20220105 1000 0 0 0 0 0
20220106 1000 0 0 0 0 0
20220107 1000 0 0 0 0 0
20220108 1000 0 0 0 0 0
20220109 1000 0 0 0 0 0
20220110 1000 0 0 0 0 0
20220111 1000 0 0 0 0 0
20220112 1000 0 0 0 0 0
20220113 1000 0 0 0 0 0
20220114 1000 0 0 0 0 0
20220115 1000 0 0 0 0 0
20220116 1000 0 0 0 0 0
20220117 1000 0 0 0 0 0
20220118 1000 0 0 0 0 0
20220119 1000 0 0 0 0 0
20220120 1000 0 0 0 0 0
20220121 1000 0 0 0 0 0
20220122 1000 0 0 0 0 0
20220123 1000 0 0 0 0 0
20220124 1000 0 0 0 0 0
20220125 1000 0 0 0 0 0
20220126 1000 0 0 0 0 0
20220127 1000 0 0 0 0 0
20220128 1000 0 0 0 0 0
20220129 1000 0 0 0 0 0
20220130 1000 0 0 0 0 0
20220131 1000 0 0 0 0 0
20220201 1000 0 0 0 0 0
20220202 1000 0 0 0 0 0
20220203 1000 0 0 0 0 0
20220204 1000 0 0 0 0 0
20220205 1000 0 0 0 0 0
20220206 1000 0 0 0 0 0
20220207 1000 0 0 0 0 0
20220208 1000 0 0 0 0 0
20220209 1000 0 0 0 0 0
20220210 1000 0 0 0 0 0
20220211 1000 0 0 0 0 0
20220212 1000 0 0 0 0 0
20220213 1000 0 0 0 0 0
20220214 1000 0 0 0 0 0
20220215 1000 0 0 0 0 0
20220216 1000 0 0 0 0 0
20220217 1000 0 0 0 0 0
20220218 1000 0 0 0 0 0
20220219 1000 0 0 0 0 0
20220220 1000 0 0 0 0 0
20220221 1000 0 0 0 0 0
20220222 1000 0 0 0 0 0
20220223 1000 0 0 0 0 0
20220224 1000 0 0 0 0 0
20220225 1000 0 0 0 0 0
20220226 1000 0 0 0 0 0
20220227 1000 0 0 0 0 0
20220228 1000 0 0 0 0 0
20220301 1000 0 0 0 0 0
20220302 1000 0 0 0 0 0
20220303 1000 0 0 0 0 0
20220304 1000 0 0 0 0 0
20220305 1000 0 0 0 0 0
20220306 1000 0 0 0 0 0
20220307 1000 0 0 0 0 0
20220308 1000 0 0 0 0 0
20220309 1000 0 0 0 0 0
20220310 1000 0 0 0 0 0
20220311 1000 0 0 0 0 0
20220312 1000 0 0 0 0 0
20220313 1000 0 0 0 0 0
20220314 1000 0 0 0 0 0
20220315 1000 0 0 0 0 0
20220316 1000 0 0 0 0 0
20220317 1000 0 0 0 0 0
20220318 1000 0 0 0 0 0
20220319 1000 0 0 0 0 0
20220320 1000 0 0 0 0 0
20220321 1000 0 0 0 0 0
20220322 1000 0 0 0 0 0
20220323 1000 0 0 0 0 0
20220324 1000 0 0 0 0 0
20220325 1000 0 0 0 0 0
20220326 1000 0 0 0 0 0
20220327 1000 0 0 0 0 0
20220328 1000 0 0 0 0 0
20220329 1000 0 0 0 0 0
20220330 1000 0 0 0 0 0
20220331 1000 0 0 0 0 0
20220401 1000 0 0 0 0 0
20220402 1000 0 0 0 0 0
20220403 1000 0 0 0 0 0
20220404 1000 0 0 0 0 0
20220405 1000 0 0 0 0 0
20220406 1000 0 0 0 0 0
20220407 1000 0 0 0 0 0
20220408 1000 0 0 0 0 0
20220409 1000 0 0 0 0 0
20220410 1000 0 0 0 0 0
20220411 1000 0 0 0 0 0
20220412 1000 0 0 0 0 0
20220413 1000 0 0 0 0 0
20220414 1000 0 0 0 0 0
20220415 1000 0 0 0 0 0
20220416 1000 0 0 0 0 0
20220417 1000 0 0 0 0 0
20220418 1000 0 0 0 0 0
20220419 1000 0 0 0 0 0
20220420 1000 0 0 0 0 0
20220421 1000 0 0 0 0 0
20220422 1000 0 0 0 0 0
20220423 1000 0 0 0 0 0
20220424 1000 0 0 0 0 0
20220425 1000 0 0 0 0 0
20220426 1000 0 0 0 0 0
20220427 1000 0 0 0 0 0
20220428 1000 0 0 0 0 0
20220429 1000 0 0 0 0 0
